Species,GCA_000005845.2,GCA_000008865.2,GCA_000013265.1,GCA_000069965.1,GCA_029289425.3,GCA_030271835.1,GCF_000001405.40,GCF_000001635.27
GCA_000005845.2,1.0,0.3745704467353952,0.30293159609120524,0.0045203415369161224,0.0,0.0045203415369161224,0.0,0.0
GCA_000008865.2,0.3745704467353952,1.0,0.2763241863433312,0.0035122930255895636,0.0,0.0035122930255895636,0.0,0.0
GCA_000013265.1,0.30293159609120524,0.2763241863433312,1.0,0.004016064257028112,0.0,0.004016064257028112,0.0,0.0
GCA_000069965.1,0.0045203415369161224,0.0035122930255895636,0.004016064257028112,1.0,0.0,0.04657247514390372,0.0,0.0
GCA_029289425.3,0.0,0.0,0.0,0.0,1.0,0.0,0.47383935151068535,0.004016064257028112
GCA_030271835.1,0.0045203415369161224,0.0035122930255895636,0.004016064257028112,0.04657247514390372,0.0,1.0,0.0,0.0
GCF_000001405.40,0.0,0.0,0.0,0.0,0.47383935151068535,0.0,1.0,0.004016064257028112
GCF_000001635.27,0.0,0.0,0.0,0.0,0.004016064257028112,0.0,0.004016064257028112,1.0
